CPU_utilization = 84.545456 
 WTA = 0.000000 
 Average waiting time = -nan