CPU_utilization = 83.636360 
 WTA = 0.000000 
 Average waiting time = -nan